1 0.000000
2 0.000000
3 0.000000
4 0.000000
5 0.000000
6 0.000000
7 0.000000
8 0.000000
9 0.000000
10 0.000000
11 0.000000
12 0.000000
13 0.000000
14 0.000000
15 0.000000
16 0.000000
17 0.000000
18 0.000000
19 0.000000
20 0.000000
21 0.000000
22 0.000000
23 0.000000
24 0.000000
25 0.000000
26 0.000001
27 0.000002
28 0.000004
29 0.000010
30 0.000023
31 0.000052
32 0.000113
33 0.000232
34 0.000458
35 0.000864
36 0.001560
37 0.002698
38 0.004473
39 0.007111
40 0.010844
41 0.015869
42 0.022292
43 0.030069
44 0.038953
45 0.048474
46 0.057958
47 0.066590
48 0.073527
49 0.078029
50 0.079589
51 0.078029
52 0.073527
53 0.066590
54 0.057958
55 0.048474
56 0.038953
57 0.030069
58 0.022292
59 0.015869
60 0.010844
61 0.007111
62 0.004473
63 0.002698
64 0.001560
65 0.000864
66 0.000458
67 0.000232
68 0.000113
69 0.000052
70 0.000023
71 0.000010
72 0.000004
73 0.000002
74 0.000001
75 0.000000
76 0.000000
77 0.000000
78 0.000000
79 0.000000
80 0.000000
81 0.000000
82 0.000000
83 0.000000
84 0.000000
85 0.000000
86 0.000000
87 0.000000
88 0.000000
89 0.000000
90 0.000000
91 0.000000
92 0.000000
93 0.000000
94 0.000000
95 0.000000
96 0.000000
97 0.000000
98 0.000000
99 0.000000